10301,10301_10333,30.0,3,1,7
13.34,0.0,-20.
-11.,-8.,-4.,0,4.,8.,17.5
1.0,2.0,2.0,2.0,2.0,2.0,7.5
10776,10776_10780,11.0,5,1,10
20.,13.34,0.0,-20.,-30.
-11.5,-10.5,-9.,-7,-4.,0.,4.,8.,17.5,-12.5
0.5,0.5,1.,1.,2.,2.,2.,2.,7.5,0.5
10786,10786,14.5,5,1,10
20.,13.34,0.0,-20.,-30.
-11.5,-10.5,-9.,-7,-4.,0.,4.,8.,17.5,-12.5
.5,.5,1.,1.,2.,2.,2.,2.,7.5,0.5
10790,10790_10795,18.0,5,1,10
20.,13.34,0.0,-20.,-30.
-11.5,-10.5,-9.,-7,-4.,0.,4.,8.,17.5,-12.5
0.5,0.5,1.,1.,2.,2.,2.,2.,7.5,0.5
9611,9611_9621,30.0,5,1,9
20.,13.34,0.0,-20.,-30.
-12.,-11.,-10.,-8.,-6.,-2.,2.,6.,10.,25.