! new fit to shms_replay_matrixopt_10776_10780_-1_fit_tree
 ---------------------------------------------
  -0.000904000507     0.001455414 -3.94701146e-05               0 00000
      0.280026954   -0.0483848405     0.029652061     0.667153399 10000
      -1.42828908    0.0982966392   -0.0339009751    -0.265706749 01000
    0.00113741291    -0.757967593     0.317941373  -0.00128007291 00100
    -0.0359596593      1.42737748     -2.01644965   -0.0894340584 00010
      -0.67171824    0.0251951968   -0.0659168218     -1.95819072 20000
       4.02558559     -0.19366339     0.364473661      14.5254699 11000
      -3.25960961     -1.50347997     0.035515048     -14.7683128 02000
     -0.158813196       3.5563543    -0.749322556     -0.67421213 10100
      0.606971375    -0.715024837     0.344967856       1.6860641 01100
   -0.00765258101    -0.489578028     0.170985022     -1.06471281 00200
     0.0753380547      -40.538261      8.01751775     -0.38616236 10010
       0.81744711      18.0427299     -4.03493669      2.63422556 01010
      0.381959677      4.02483647     -1.58156569      1.82692667 00110
      -2.36585776     -5.39271682      1.62030389      2.16863555 00020
       4.53678836    -0.603180821     0.440371764      6.95241266 30000
      -39.9240817    -0.850270554     -2.29068026     -71.1762972 21000
       103.987354      19.1920397      1.82660348      218.345425 12000
      -71.4925477     -39.0136808      5.37063819     -149.452012 03000
       4.42839915     -22.6013843      3.13973232    -0.131920908 20100
      -25.9805583      155.474648     -22.9278884      31.2372059 11100
       31.4532611     -224.904004       29.591219     -101.143387 02100
       2.32935318     0.272813223    -0.756953408      10.8913494 10200
       -9.7261362      3.78430425      1.21875559    -0.267031569 01200
      0.271101051      8.01177379      -3.4590523    -0.170683087 00300
      -23.5404415      223.319979     -34.5255612     -16.8303129 20010
       133.134374     -1540.15333      249.136117     -67.3108236 11010
      -169.943124      2375.02716     -373.871524      322.020556 02010
      -25.6016673     -6.98563881       12.458113     -182.352086 10110
       103.692998     -115.867803      11.8509442      240.872342 01110
      -2.93112909     -34.6145895       23.117815     -5.74748554 00210
       108.664676      37.9825385      -40.154545      460.460434 10020
      -493.469935      363.487153     -59.1794519      -1535.5001 01020
       6.32700568     -213.283669     -32.6437904      3.60570705 00120
       8.30627354      1301.54437     -40.5936136      60.5709952 00030
       -15.458631      1.10162632     -2.50707336     -14.2826759 40000
       166.390962      23.1972804      16.1995771      186.845598 31000
      -492.276565     -213.322054     -19.0558194     -800.174844 22000
        105.44422      495.715212     -46.0951551      1214.13639 13000
       734.390668     -169.708049      76.0983121     -234.780373 04000
       -23.172329      54.5018118     -9.57363801      15.1818966 30100
       213.894227      -446.85216      72.3205096     -283.774899 21100
      -481.870426      635.916761      -93.042397      1247.01195 12100
       109.456061      909.256114     -106.475399     -1071.09369 03100
      -16.5785072      12.5595988     -5.61073682     -28.4648732 20200
       130.990469     -124.331502      44.3281404      76.3825835 11200
       -186.83901      223.352716     -62.9467497     -33.7632646 02200
      -3.06255758     -20.9645456      15.2942782      19.6121472 10300
       15.7928458     -215.549854       67.936991      -68.174109 01300
      -4.36296295      43.5915124     -15.2601246     -12.3156414 00400
       118.499544     -533.803132       67.139945      116.743681 30010
      -933.361135      4926.55176     -630.805223     -377.730634 21010
       1428.00433     -9118.47816      1050.03167      450.226463 12010
       467.893835       -4624.957      809.260632     -4506.44417 03010
        91.513195      20.1310433     -9.57192894      383.575703 20110
      -857.257024      1053.93694     -184.148305      402.183396 11110
       1158.08738     -2596.22377      414.635524      559.259523 02110
      -8.23041585      595.133308      -318.33822     -250.265865 10210
      -72.4672223      1499.44896      -332.38592      1218.11896 01210
       38.6188117     -511.175781       162.98163      129.262735 00310
       143.336526     -1030.73071       406.02255     -2128.65479 20020
      -292.634406      2300.02598      -520.82414     -3113.60264 11020
       182.179993      107.185625     -195.238095     -639.860161 02020
       323.877666     -1924.00369      1124.64835      584.175154 10120
      -355.822614     -2847.64644      233.002276     -3393.68669 01120
      -135.176354      2481.81873     -655.777667     -560.255043 00220
      -1067.43002      4012.06738     -1051.82394     -383.167868 10030
      -260.763913     -107.446014      -208.74473     -500.540224 01030
       212.488553     -4035.08258      1177.38507      708.682182 00130
       14.0301588     -1575.46775       445.30959      249.999843 00040
      -12.3662077      54.5258765     -7.18611181      -7.2356411 50000
       36.0160424      -552.28209      54.3589716      60.9384923 41000
       146.847478      1853.19614     -148.538509     -165.368284 32000
      -277.630933     -1373.63271      84.9976069      126.346427 23000
      -407.915527     -1653.28779      92.6278612      254.189956 14000
      -287.521953     -963.083341      41.4491696      397.459782 05000
      -40.2134816      68.6582673     -1.95670762     -83.9714915 40100
       195.241466     -759.236522      66.8661623      1280.47511 31100
      -414.964836      2942.06512      -338.85513     -5435.80599 22100
       973.463465     -3488.39533      406.400646      3917.91024 13100
        877.93685     -3555.60092      351.061193      4721.51784 04100
       32.7455617     -103.187847      32.5779689      160.669472 30200
      -487.212801      748.009868     -85.1148366     -1470.35849 21200
       1774.84604     -3298.19146      294.519771      3803.97338 12200
      -1643.32731      7120.58989     -1475.58926     -5268.00971 03200
       17.5592285     -47.3122563      25.4076015      23.5887834 20300
      -64.3904151     -171.370734     -79.9356799     -679.870127 11300
       36.5629066      1514.72856     -343.505893      2194.89905 02300
      -2.42766177      3.35991645     -8.67985951     -71.5784841 10400
      -13.7389856     -376.715927      104.600396      456.689968 01400
      -35.0320315      198.756289     -84.4629738     -9.67856063 00500
       136.775092      9.72111158     -83.1379421      -436.00193 40010
      -19.8905465     -953.580608      559.800758      1890.14889 31010
      -1790.54351      3807.13032     -813.999897      2360.88545 22010
      -1081.70592      2068.66423     -527.286601       1623.2691 13010
      -445.026781      717.520359     -216.337764      840.602295 04010
       207.337336      1043.20432     -520.802531     -943.482821 30110
       -451.77643     -2730.51853      1251.70284      4746.99874 21110
      -12.8730313     -897.208229       492.38004      609.992834 12110
      -225.250716      695.516323     -20.8375516     -730.839786 03110
      -151.106324      190.968064      158.905756      598.998199 20210
       283.289102     -4347.63692      1521.40871     -859.465574 11210
        560.60794     -3555.26557      1083.23157     -921.214445 02210
      -180.445061      874.987704     -150.843327      464.747594 10310
       420.616843      2355.57436      -960.88954     -2816.79138 01310
       369.730003     -2025.79926      894.130321      183.468825 00410
      -621.701666      857.710992      581.459798      1792.78178 30020
       36.6257479     -901.379981      559.421234      515.524135 21020
       15.9925937      -224.11743      165.110533     -108.469253 12020
      -37.1664569      88.9289997       17.886755     -215.896274 03020
      -21.6807239      9119.42315      -3077.3649     -721.124351 20120
       64.0900247      370.228843      -158.72645     -817.171968 11120
       123.203627     -601.108213      168.892885     -406.643721 02120
       484.130145     -2907.05002      1406.50349     -614.081888 10220
       348.934612      -225.18575      123.185874     -269.113197 01220
      -1176.97109      7192.05357     -2793.60562     -562.173653 00320
      -100.404814      3800.08713     -1261.70505     -402.195562 20030
       5.79707615      461.610311     -156.093856     -150.006508 11030
       23.0886357      -29.340811      6.09046849     -55.0578267 02030
       258.872757     -1276.27734        561.9853     -16.5448678 10130
       117.273271     -249.909751      96.3225256     -10.4322299 01130
      -480.956235      3122.82788     -1155.32265     -182.735064 00230
       69.5585419       -293.2131      129.765929      6.33640721 10040
       27.7330227     -67.7633875      24.8830918       2.5860752 01040
      -120.676129      803.164639     -293.706175     -33.0662278 00140
       -25.255702       166.10355     -60.9354784     -5.71215558 00050
       84.8098397     -151.219703      49.7159343               0 60000
      -687.260126      1124.16198      -364.69239               0 51000
        1141.7653     -1772.09422      545.682278               0 42000
       838.815953     -1127.79199      379.017476               0 33000
       382.801442     -385.477086      156.700026               0 24000
       149.876223     -101.040831       54.152005               0 15000
          56.4859     -28.1332137      18.0860877               0 06000
       188.560039     -425.988529      100.802713               0 50100
      -1384.89959       2726.6393     -622.188826               0 41100
       1830.89001     -3482.63048      843.900963               0 32100
       1627.74428     -3442.62195      761.285554               0 23100
       855.794892     -1977.57775      412.536978               0 14100
       361.018626     -899.827075      179.296245               0 05100
      -16.3647623     -204.823892      60.7652332               0 40200
      -80.7799813      1822.77715     -649.043984               0 31200
       552.871674     -2956.16156      859.875789               0 22200
       311.646447      -1840.1907      612.606515               0 13200
       82.2897118     -555.723172      232.741046               0 04200
      -65.5971415      587.552076     -157.406991               0 30300
       539.679023      -1634.1977      166.243193               0 21300
      -913.496994      4097.07624     -1328.29213               0 12300
      -688.476529      2846.33728      -893.48667               0 03300
       36.1730958     -219.707738      119.939749               0 20400
      -42.5817585      64.9780635     -229.614093               0 11400
        36.661181      -2364.0715      761.333747               0 02400
      -16.7551688     -622.935281      169.927298               0 10500
       46.9419835     -1471.14948       462.02943               0 01500
      -55.4312653     -146.315084      14.7020024               0 00600
      -644.736242      1126.00932     -265.216916               0 50010
       2609.48674      -3827.2192      795.035231               0 41010
       1406.31039       -2238.129      429.247437               0 32010
       566.969125     -991.239426      186.519973               0 23010
        203.55091     -396.531571      74.8186256               0 14010
       67.2784158     -146.151708      27.9646002               0 05010
       174.077061     -209.549936      272.191774               0 40110
      -641.355173      1069.30497     -244.983371               0 31110
      -163.172082     -76.4786015      51.2153382               0 22110
      -2.16067047     -224.949422      76.7556277               0 13110
       15.9757182     -119.164188       39.094686               0 04110
       23.8728437     -3175.95771      1536.32372               0 30210
       180.200268      493.566734     -89.2718139               0 21210
      -36.9813027      821.137332     -256.273062               0 12210
      -73.5460194      491.805784     -146.774796               0 03210
      -43.6105076      2912.83143     -845.161713               0 20310
      -357.123024       571.42495     -117.132119               0 11310
      -176.786502     -38.7168923      56.2632096               0 02310
      -281.808601      7801.37147     -2186.43191               0 10410
        287.39371      1801.08768       -612.5069               0 01410
       282.778278      917.235661     -62.4161916               0 00510
      -473.397179      1145.89233     -259.400847               0 40020
      -158.057847       369.74185     -107.527485               0 31020
      -36.4610803      48.1875528     -17.5186118               0 22020
      -3.38002879     -16.5295734      2.92780927               0 13020
       1.84750329       -14.60451      3.38222759               0 04020
       144.090304     -2069.99486      785.830695               0 30120
       24.6563015     -127.018002      63.2864656               0 21120
      -6.50046567      97.7791292      -27.152413               0 12120
      -10.4838105      69.8023662     -19.6729984               0 03120
      -124.705628       735.48521     -225.261142               0 20220
      -94.6393726      150.610734     -31.1356271               0 11220
      -36.0077171      1.81750552      6.56288701               0 02220
       36.0550078      1358.02663     -401.877077               0 10320
       56.7452179      447.548377     -162.850676               0 01320
       124.006124      430.271692     -1.16154202               0 00420
       9.23693481     -684.118309      254.872851               0 30030
     -0.949249032     -90.8026302      35.7935677               0 21030
      -2.12005917      1.34108533     0.718484484               0 12030
      -1.74499795      7.75000343     -2.03715078               0 03030
      -40.8834732      209.736425     -79.5968325               0 20130
      -21.3394674      42.6300223     -13.5423678               0 11130
      -6.59241693      1.78476632    -0.288532835               0 02130
       32.7960395      24.9272591      3.98104964               0 10230
       12.5598511      52.7452381     -19.4690128               0 01230
       18.9523279      172.008277      -32.314651               0 00330
      -12.1309054      60.9078418      -24.687906               0 20040
      -4.77545108      12.4818213      -4.6084248               0 11040
      -1.26652513       1.1815584    -0.512344665               0 02040
       11.8430263     -51.9452147      20.7382932               0 10140
       3.01978221     -1.01388177     0.148045473               0 01140
     -0.106210425      53.7625364     -15.0777281               0 00240
       2.87800598     -17.7648642      6.78033904               0 10050
      0.648906995     -2.02323843     0.645667733               0 01050
      -0.79159121      12.3518633      -4.0119194               0 00150
      -0.27892882      2.26317085    -0.817106191               0 00060
      0.292838822   -0.0779452895     0.044292394     0.845582884 00001
      -1.40937257     0.301926272    -0.187978798     -2.47726545 10001
       3.33484635    -0.862548002     0.574689547      10.5041925 01001
      0.013045016      4.51258325    -0.861523847    0.0259132153 00101
    -0.0618394303     -47.7437684      8.94535901    -0.107744042 00011
      -1.06632062      0.16674145    -0.107916202      -1.3022916 00002
 ---------------------------------------------
